501
116
128
108
103
626
768
521
698
189
63
192
199
412
317
307
197
702
478
493
997
316
633
670
625
91
641
490
86
957
229
789
69
547
902
362
830
594
804
514
564
254
742
252
342
980
676
7
415
258
979
695
852
402
841
85
13
10
72
693
122
553
36
442
853
441
240
159
371
918
168
784
378
206
812
157
279
417
713
719
341
420
201
847
409
289
346
825
803
945
427
566
941
931
47
355
325
336
927
938
815
516
725
578
520
636
270
714
221
736
868
697
101
690
356
339
450
943
968
708
805
525
595
950
147
131
267
688
246
424
216
134
460
174
858
121
440
118
500
850
162
607
632
546
916
505
388
603
661
437
863
28
12
974
187
604
518
200
104
960
61
752
665
832
538
29
22
32
411
914
256
326
731
58
374
94
335
461
410
657
664
81
839
532
624
723
562
130
732
313
691
808
364
776
447
656
651
173
27
915
904
160
821
966
425
50
480
459
963
257
959
155
473
120
265
896
154
105
431
21
382
280
386
158
807
495
660
261
542
730
526
781
407
874
837
552
276
135
408
483
845
419
944
802
35
274
739
758
399
581
89
225
262
379
705
910
46
479
767
895
360
247
337
41
580
917
64
894
965
770
432
77
831
1000
264
644
237
259
773
946
810
790
163
884
67
741
423
951
628
347
222
110
779
687
529
787
786
975
854
430
710
56
769
112
23
635
133
1
348
792
482
621
652
282
401
253
178
75
823
733
243
798
299
883
613
793
987
861
675
797
829
44
144
481
955
992
368
244
263
838
486
331
416
273
471
343
645
124
785
878
716
281
622
476
182
452
365
887
83
631
454
474
106
38
350
866
17
236
667
740
729
782
68
680
55
890
634
20
136
391
583
2
512
995
791
123
277
239
754
548
859
393
703
712
809
971
746
544
682
444
870
922
818
127
761
913
213
370
715
321
340
344
70
888
800
234
384
893
535
899
672
359
115
862
60
165
969
642
973
443
389
139
31
180
3
907
666
949
575
813
540
397
328
421
40
39
477
109
30
453
149
724
743
385
694
400
886
801
161
824
184
464
392
111
194
503
456
303
373
268
102
598
449
851
806
57
976
579
942
260
855
711
905
323
99
639
766
900
226
572
683
674
288
138
717
750
771
718
592
560
238
554
255
353
433
24
991
208
901
446
679
985
619
153
42
726
438
569
908
509
956
844
814
48
620
306
496
940
794
468
643
970
531
704
297
92
212
487
352
835
561
327
738
875
445
885
251
372
204
406
869
394
78
867
5
88
646
597
692
994
319
398
972
783
80
685
935
470
537
707
524
727
630
522
148
982
309
59
993
475
836
557
737
533
669
876
304
616
228
151
627
570
25
929
497
919
311
488
241
504
62
190
193
507
207
314
278
780
142
188
95
990
879
231
19
492
828
366
709
451
760
284
292
338
305
71
826
897
788
145
799
986
218
864
175
753
141
722
843
349
367
181
472
202
515
491
345
924
422
534
15
637
235
458
132
591
755
596
448
989
66
33
764
721
777
934
600
543
848
998
129
662
156
26
217
96
390
699
961
183
324
248
849
757
954
663
551
381
606
816
98
164
14
377
51
618
494
333
952
97
892
485
361
467
308
65
759
827
223
856
114
275
536
4
649
215
502
720
310
210
387
658
701
413
466
242
749
882
295
796
171
751
351
404
962
293
587
762
840
530
964
686
920
119
933
640
673
82
948
435
549
903
271
765
984
833
436
947
395
568
822
612
734
354
865
629
498
513
329
465
795
842
930
146
426
405
877
87
369
860
126
269
996
245
508
563
650
18
659
195
330
937
565
775
301
291
84
455
756
489
211
571
880
285
774
981
817
872
958
519
610
9
250
576
881
203
484
16
873
623
322
511
556
846
614
219
939
140
577
601
125
37
545
332
429
499
696
169
414
728
615
383
209
735
290
923
286
418
191
539
45
599
380
230
647
428
298
567
220
185
113
689
167
49
214
320
811
593
527
898
983
638
137
617
574
541
396
232
34
555
172
978
166
936
668
357
763
287
463
611
605
186
819
550
150
272
462
249
589
857
582
302
176
523
506
706
585
820
510
602
53
744
586
573
296
457
558
403
671
909
318
653
300
196
283
588
889
648
953
684
434
999
266
93
43
358
315
74
376
921
143
977
233
906
79
363
559
655
928
747
170
227
334
609
11
117
834
312
772
107
90
608
152
52
871
6
517
198
100
177
926
76
891
988
745
748
678
54
73
700
179
528
439
778
294
925
8
224
584
469
590
912
375
932
654
911
205
681
967
677
