6785
1458
4604
3917
2716
8827
7076
7336
5501
6568
2460
3927
6634
66
4807
3993
1665
7479
1284
1542
8048
2388
866
1327
2599
2606
799
3157
5193
1334
7331
6882
8569
4175
8640
2528
8051
1986
2906
8654
1045
7402
5840
138
9316
2782
7275
9727
2969
1867
9762
8139
3969
8530
648
556
8935
8160
9217
413
4903
9864
9885
6415
9478
2362
6926
9029
4242
6803
5302
7661
2052
590
4568
2044
9067
1113
1964
3267
1332
3735
8418
5466
8541
6996
4188
1743
3144
1452
1697
8217
3951
3464
7388
1451
6022
7726
4674
8667
463
432
8107
6264
4677
3345
1546
4427
3855
6531
4091
3966
229
2405
9752
4344
7583
5629
5830
3588
5452
5424
4004
6453
554
5325
6087
7066
8490
5991
327
4655
9214
4790
7480
8298
6692
9245
1865
9803
3038
869
9237
1127
5856
2783
9138
9956
9212
2866
6563
9879
2753
4573
3459
3286
3621
1710
6027
9715
5942
9342
1592
9662
7179
3274
8235
5994
684
8637
1003
934
1062
7842
5335
5147
7996
1036
5693
9690
2534
7588
7763
1405
7995
2453
5754
120
8029
8880
8470
3291
660
5899
1170
2509
6851
4888
5253
552
5826
4922
4437
4873
6182
6681
1806
5983
4729
1021
2255
3722
9446
7123
4740
5525
1884
2407
3360
6411
6343
407
5669
9878
7581
1613
2153
3128
692
2369
3346
2615
6854
7613
9772
4691
4121
3182
5162
469
6773
6640
9659
8857
8913
6312
4078
7731
7175
2387
9071
980
5933
8604
1528
9301
2180
8205
8195
9418
4460
2684
342
551
6105
4118
5651
4535
3695
9268
3762
6428
6369
9131
6028
7664
3377
4979
94
4822
1773
1706
4325
2452
8025
9615
9861
1589
8915
9518
2831
484
1462
9056
6717
6120
6330
5485
1438
2865
7840
3658
3439
593
2259
7393
4158
5699
3183
7801
6848
4936
7058
2986
9106
4567
631
8675
4656
619
1450
2820
3805
3791
464
6352
5548
3287
6651
7529
4273
9526
4248
4876
7417
1464
2249
9972
2122
2414
1961
5442
645
6174
2533
6708
5455
7072
2959
3635
5647
6121
8941
6010
1918
9142
9086
5362
5345
8664
1430
7851
5988
4456
8050
1059
6472
7545
2881
5923
9787
7546
8782
1878
6917
6417
3014
6608
6307
5630
2929
8016
8584
2418
827
4458
1687
2690
9702
905
3417
54
8574
5589
8092
8618
7426
9495
9810
1306
8220
611
5015
509
7653
3763
1921
5444
2223
9427
9442
8940
7980
3298
1551
851
1701
1827
8294
9775
3431
1676
1058
364
4265
5617
8639
7055
6701
1251
7629
3919
3124
9755
4401
6602
34
5123
6058
8377
2232
2850
131
6793
8273
2326
2195
5487
3012
2118
7227
6254
4130
134
5399
4866
113
615
1535
6063
9173
9133
7916
6927
4455
6448
1577
9020
9350
4530
5146
6013
3829
7790
6745
4765
4013
3261
2626
8831
6597
8919
6543
31
7831
4014
7705
6440
5169
1042
2593
9077
1162
2681
2483
158
4123
7893
7172
4688
1229
4396
3932
7188
2246
505
1358
1492
7287
9462
4065
3273
3119
118
7211
9430
885
8515
671
2779
8479
6361
2989
8677
3809
1602
3793
6394
5565
248
2303
6509
2629
3601
1870
3025
2952
8590
5505
1456
3680
9884
8959
5203
5138
5247
6065
5824
7295
841
6371
6137
1035
1533
5341
1795
1283
8279
566
8963
9379
5838
9511
2114
9614
1368
1307
2357
8378
1652
8981
754
4623
3766
5667
2824
668
816
8381
2632
8215
8615
1006
2641
5113
3402
4641
4253
6809
7022
7094
7320
3306
1355
718
381
9695
6474
6263
9243
1440
514
468
6226
8292
7672
2332
7563
2705
2985
1034
4031
3397
1382
6172
6334
8311
8705
2342
1408
1690
2576
4082
4211
5403
3106
8397
2154
61
4730
6280
2137
9038
3748
3924
1617
4642
8481
8785
9221
7755
8023
917
3576
594
6924
240
6433
7302
696
2718
9180
6282
2344
4309
6836
9498
9759
4746
8283
2539
2436
2429
7223
3051
8818
5174
2200
5104
1319
8281
3890
9633
833
8263
5789
609
8216
6204
4189
8422
9656
9006
6445
3736
2729
2543
9126
2974
6091
5437
9034
8407
3427
6903
9899
913
8137
758
1410
5142
279
7362
2254
8713
4147
282
1530
3044
1908
1016
1037
8957
4216
502
7807
7598
6173
4140
2898
187
2224
2547
6781
2727
3340
6606
481
142
3833
1280
7956
3252
6092
7143
467
8693
8271
6461
5216
6273
7041
1474
3215
6892
740
5380
5287
9967
3825
3053
5286
5281
8473
4220
4036
591
7068
998
8792
903
4206
3064
522
4350
6301
6584
7657
8784
8171
6077
8849
8670
9060
5982
4294
3254
2732
4881
3926
9749
8868
765
9505
4505
4659
2934
449
2428
9764
65
6306
4532
8689
9461
8706
4277
8578
7694
6396
79
8138
4812
395
3337
6504
603
2496
6140
5646
3709
4524
1140
6248
5706
6603
3818
4117
1183
8340
7508
4973
2298
3368
4749
1987
1976
4246
3685
6008
3790
4814
6441
7541
2531
947
7803
5002
4264
4226
757
3555
9600
6321
5802
4621
420
3940
8244
3686
3800
3776
8571
4592
1754
6585
8567
6942
3335
6130
5308
7278
8860
6553
9021
927
7267
3450
6206
5708
3225
904
119
406
3898
2858
3224
6779
2404
9093
4408
1663
4828
698
752
521
6920
1460
3079
2614
3134
4477
4601
1901
7738
6594
3848
2761
2508
2163
5075
7621
3227
4871
606
2169
1979
5883
3710
9354
2212
9058
7808
1101
5550
6672
4815
6082
5241
5405
4704
4971
3237
6043
6941
4964
2676
1189
8068
4956
783
5819
2488
9219
6862
1017
6967
5479
6729
1800
8984
5614
852
6728
9247
1669
7911
4238
448
9011
8602
2290
9195
9241
7600
2766
4111
9149
8208
6754
8685
2930
3111
1299
7656
2804
7186
2107
2363
4816
2392
9351
2935
9736
8014
6205
1879
3470
8487
7364
3696
8230
1275
9880
3972
3343
3795
362
4760
4034
2784
1345
7644
2064
4464
128
1180
2475
9080
4915
8053
3784
4425
9813
6804
3251
139
6238
1081
2456
5752
1963
9253
7745
533
3422
1572
5946
1956
6070
9650
5367
2097
3292
6483
317
4657
5518
6416
5526
9719
8352
9494
9862
8721
1285
8561
895
9827
1469
247
6660
3618
4612
9554
2190
1293
7748
4162
4096
5330
3045
5920
4270
2315
9101
9475
3700
9971
4345
9969
5280
9833
8550
6865
3753
5989
210
7662
959
8520
6631
5864
2247
2139
894
9203
7334
5489
428
819
1119
6357
8720
2473
7067
1331
7103
5066
9766
3743
6964
7577
6505
9910
8741
7365
8303
7552
4899
80
3049
4089
9545
9172
1323
7044
8806
9806
4970
5538
4526
4963
4479
1024
238
996
9734
2884
7245
5539
8679
4611
907
7367
1107
6442
7391
1489
9548
1001
4878
4584
7129
4894
5751
737
846
9053
8993
2737
2797
7612
3697
8498
9030
6240
685
3258
5636
8761
7452
4462
6304
5785
3449
6397
7111
6891
2765
6156
7229
2833
9667
8076
3956
7998
2680
9171
8874
1578
5415
8120
6806
8555
5779
7701
6650
9900
2699
9645
4540
5878
3960
1804
1228
5566
6663
8582
9103
1866
5580
4413
3991
8796
6375
4424
4933
4306
2193
5451
6335
7539
8065
4862
166
2202
375
534
5892
1828
8752
5510
4734
6186
2817
2267
7118
6906
5065
3058
3244
5961
573
6730
5907
4988
4256
1433
9867
74
8295
3033
4428
8077
1606
7214
640
9733
3072
2991
5524
7395
8855
960
6671
7623
3169
1135
1786
5772
3284
8976
9765
6467
7683
5410
8162
5150
1767
8472
8680
1077
1941
7973
704
3016
6752
1932
9132
5788
8131
9147
983
7942
9917
3634
3028
6466
6976
9293
5470
1333
576
9013
5305
773
3243
1608
878
9310
3203
8774
4633
1052
1449
1222
9491
3070
4974
9674
8781
7659
3303
7010
8290
7046
3139
5995
3955
840
4918
1651
6051
8928
1437
542
9479
9236
9134
8471
8846
6161
777
220
173
9280
2132
4761
9575
8943
1401
2286
4441
4398
3115
751
1336
2776
2071
8715
1924
7784
328
8954
1779
9255
212
3026
7573
5461
9112
1808
6337
8225
2650
1892
2314
2381
8835
5377
3003
1564
5300
273
7874
8432
4989
401
4624
4687
921
9980
4478
6760
6364
1219
3216
2703
5317
6707
2775
2960
2700
3386
3585
6286
2454
995
2251
1383
2458
3594
8174
8901
7959
6767
8127
8862
9529
2891
9407
9791
1376
8593
4675
4064
4848
9403
9477
5404
1088
4084
5817
5296
8838
2146
3545
3813
1143
2517
3469
656
3788
2099
2798
1684
2426
4921
4122
4100
3745
6861
5578
2208
3567
9596
1812
1559
140
93
4984
6127
8603
7797
3089
870
9778
7424
4040
829
2449
1836
634
4049
379
3944
9768
3260
6733
4148
3874
2482
105
3877
2592
9541
6223
702
3648
2012
9907
9590
9958
4513
6838
9002
4202
982
598
5848
9197
8748
7324
2217
444
5041
2520
8441
8695
948
440
559
4823
5495
7940
7303
1796
7909
2394
4400
438
7239
7641
8738
5360
7628
5370
721
2781
2522
1605
7438
3566
7145
2770
3364
8166
6102
7837
4475
4320
7750
9594
8687
5792
2374
5429
1670
9825
3333
6521
9895
6769
5303
9455
7385
8837
2740
1472
7830
3911
2634
2950
7181
24
4375
8900
8480
6955
4469
3774
5784
5245
225
1223
864
2806
6045
8081
8193
9088
1139
3527
6697
9753
4146
6642
2219
1543
6314
6590
8564
1623
8966
3772
5927
3266
8728
7410
802
9454
3544
9041
1010
205
5270
7194
9297
9377
5389
9154
7442
316
399
8270
5504
1397
9599
6546
5979
2704
3623
9738
8624
3574
2268
2440
8405
3789
8280
1164
6883
7345
2104
4707
2745
6522
2150
48
2335
8333
4219
6188
4120
7073
2605
8341
5749
6358
231
8511
3732
2507
9579
5171
9567
6423
1802
2264
3255
9459
4142
3300
3120
9410
1550
7342
2470
1809
1391
544
2505
5709
337
8731
9513
7037
181
8755
2904
688
3015
1838
8368
8201
868
1310
854
929
2092
528
4529
6953
1413
7282
5019
7772
1029
1814
9341
4389
675
2370
2020
888
4728
5331
4997
7931
4580
4909
9826
5355
1919
6995
1184
7709
1529
5531
7085
8776
6193
3453
6143
2567
3009
792
7821
2158
1859
8777
5912
6207
858
6157
7252
4293
3126
3365
2063
255
4486
7564
8825
855
1465
8870
9502
7899
3099
5900
1117
2794
1822
4786
7152
5417
5728
8524
4210
7458
2805
2327
5175
264
524
6645
5497
3158
9381
2976
8313
9557
2975
1157
3543
2875
4451
5170
7317
389
4577
5987
6866
9393
397
4249
5911
4673
3683
4287
6310
9397
1083
7090
5090
8157
8734
8961
504
2571
9877
2767
1227
2324
5771
966
4731
610
7351
7406
1864
5181
9883
4114
2683
1650
5435
41
1962
152
8888
7881
4194
8111
226
4934
5503
9003
8942
6601
7148
9978
8719
4377
5953
4259
4830
6946
7645
7448
7128
5853
4291
8199
4349
1768
3747
8040
4967
6290
8425
5260
1242
738
8786
937
8334
8187
4811
1372
8535
5795
3626
7871
8822
3968
7486
1544
6932
890
2669
1012
1994
1667
1937
8392
7423
5936
7855
956
8438
1653
8886
3462
4566
7271
5688
2206
8045
1296
4357
7896
8376
3552
1013
8700
2038
8182
1914
483
7133
7792
1208
3217
4449
1215
5986
4598
6378
2051
1328
7971
2365
57
3302
4678
9684
4340
5627
2450
9748
4081
2194
4599
6823
9370
3649
5868
2084
5469
9429
459
4555
7063
1365
4994
2849
178
6106
5532
2638
9741
701
104
9240
6905
7205
5966
7560
7514
4233
3130
6824
2067
755
3451
8526
3814
527
8648
5430
499
4937
6834
6180
8266
9271
8763
6326
7727
887
6192
2481
7207
2500
2042
3166
9774
3145
5743
5624
7595
2385
3792
2871
7711
3921
9389
4682
680
6265
3906
9756
6874
2918
7574
7846
4485
1615
9445
4491
1399
1249
1432
7548
6262
7575
4810
6201
3443
8873
9272
7196
976
3939
6664
3029
3771
1950
8852
7625
5486
2331
3976
4046
7020
68
3502
4711
9595
2110
8547
6455
325
3113
7232
7174
3582
164
6221
5841
5369
1174
2325
9962
7590
3054
354
9888
8421
1349
1821
5937
5886
1448
6991
3586
8749
9737
4257
425
6948
6274
4554
6796
8946
7791
1028
8005
2802
2560
4116
9963
1109
7584
3472
9834
8997
1473
4382
4943
452
7489
4499
9896
8010
7873
5359
3949
1466
4544
5611
5993
8002
4335
2121
4480
3116
1071
4925
9435
1314
6133
1715
6510
3819
1966
7030
550
683
2661
2744
5008
4337
9264
1149
8388
7140
3429
4836
9686
221
538
587
939
3954
5888
5814
7246
8668
3425
3410
7847
1657
6685
1014
2048
7950
8650
9385
3867
780
4522
2922
1130
3986
3338
5775
6495
7203
7173
5475
2299
4714
9911
5778
496
7752
9812
1912
4112
8151
7806
8370
2043
3592
6499
2378
6224
6124
2396
3370
6981
6881
482
9250
3875
6912
4059
137
571
3405
5295
4128
7853
4958
5131
4010
7567
7089
5928
5623
6900
361
271
5557
3556
8211
8958
4536
7008
2261
3150
7443
2082
7208
8681
9574
3988
286
4498
9993
2196
8598
4370
4180
8924
6814
184
7962
6901
9364
3066
8783
3002
1719
1274
4295
6972
4212
1224
4124
9746
8056
297
4373
4587
8289
732
3354
336
4968
8585
6409
3937
3339
9796
9028
2609
900
4992
9607
9604
2008
4940
926
7325
8799
6163
2306
9256
8259
2838
6756
3434
6691
5135
8949
563
6308
1146
4817
838
6138
7404
1479
6171
1911
1295
9999
1995
8894
9302
7515
6402
8743
9758
1666
2228
8106
1598
5238
7894
3713
6668
708
8599
6088
9196
9043
8545
3483
6200
8522
3922
4183
256
4260
9870
4119
2915
7538
7326
2215
4643
1179
3199
4665
6679
4906
8227
7536
4496
7982
5588
7557
5096
9561
2860
7277
7516
4099
3589
4620
391
597
5108
2014
4468
5440
623
2996
1794
1792
2127
981
8717
2544
7261
7040
2844
6982
9906
8079
7730
9606
8435
3865
1196
8591
5599
1073
3738
6438
5055
8633
4247
3279
302
6365
3321
850
6799
3379
1278
5930
5232
8558
2351
3146
2662
1023
7816
3432
3796
4232
3616
2464
5507
9851
3846
2947
8159
5984
3373
972
3461
8134
8330
5385
925
9968
9990
6256
4616
9288
8632
1131
3655
2579
1540
5511
1211
9065
473
1629
759
3143
9652
3817
4043
7760
2085
7952
2229
4342
1675
4521
9941
6056
1934
6115
8445
1173
3376
2244
8196
7190
3097
9019
8402
4818
1834
5913
1454
695
86
82
2260
7462
1999
5383
5324
6676
9016
7039
553
5217
27
1468
6720
3052
7210
578
9938
9184
5416
2490
1874
7822
9434
9457
3779
3643
1286
3987
4039
7503
9076
6383
2018
6316
7839
4363
3646
8903
1656
5918
7681
7913
643
3715
9050
8554
9564
3668
4267
3477
8229
6857
7721
97
5857
3760
2762
1510
3384
3591
2966
1683
1470
6868
9817
839
352
4541
6368
1522
3717
6001
4063
315
6291
7092
8877
6587
251
8840
6303
3523
5323
2427
6197
7023
5282
329
2932
8467
9840
2532
1245
5184
5516
3447
480
2580
6686
380
6644
6498
4229
8116
265
970
9289
1288
2908
91
5149
9324
9474
8026
2591
9745
9732
6780
8702
8433
9014
6507
2979
3891
9994
7131
9854
520
6198
3613
3925
145
9763
8754
7016
1619
4271
5616
7263
9776
8562
2364
7341
8939
4261
8491
2909
1601
9387
572
310
2696
6635
6840
3716
2225
6626
278
9396
9553
7880
7619
1574
3371
4307
867
714
8768
9504
386
3782
4748
7684
4278
4386
8436
75
2852
9754
2644
2710
9503
1711
2065
523
9946
1502
4558
4179
6802
7482
6435
4347
8072
8252
7086
2226
7678
1887
6494
2577
4820
460
2030
6536
8795
1772
9345
9230
5200
7470
5413
4827
7000
4134
7965
9816
442
3486
6798
9307
5301
5411
121
5854
7693
115
1115
2348
8431
9953
8906
2028
7771
8911
6830
7665
6533
8674
324
6843
8071
6791
1121
189
197
9186
9632
1148
5561
3500
9620
7381
8971
9543
4190
4227
3294
40
8580
9346
7003
7723
8315
9174
8485
6460
9598
5756
7948
4712
650
6074
6893
6112
1532
612
8300
8672
6951
7833
8096
1478
4154
8619
5805
964
2313
7967
3888
2492
4509
6885
253
7551
7052
9760
8461
7811
8991
1093
3638
4379
836
8514
4035
4322
7576
1862
733
4666
4025
331
9261
4844
2113
5484
2075
7979
5810
4402
5845
6877
6482
3869
4411
8767
8260
8112
387
5291
1797
715
7921
5039
2354
1696
4383
6359
9373
8727
5649
9169
676
2175
2108
2033
474
7124
2921
4167
7775
4041
3671
2620
2870
5248
9040
7047
7383
5670
3672
6909
6918
2004
9983
9908
1614
9515
2925
3069
3186
1548
3830
5519
6057
6628
7885
8643
2828
1159
1782
1252
6513
4796
800
8384
3353
3726
8243
3629
4076
4926
7472
8606
639
4763
8878
2739
7332
19
1163
6844
2954
6680
1495
4068
9321
9299
2309
743
1256
7254
5161
7139
2948
1813
1351
4038
2147
2604
2754
1858
2390
8323
4579
844
5392
4803
3416
3460
6975
2715
3482
7667
4626
2988
3548
3693
6465
6999
9025
776
4543
5997
4883
9919
5971
1380
7639
4446
9137
9333
213
6089
519
92
5395
975
8414
1096
9550
146
4488
4289
10000
3725
5112
4371
6328
9323
5935
1431
3173
7923
784
1753
6958
1262
4376
3908
2523
1476
7587
7800
4917
4015
1525
5285
6456
7504
3408
3278
4472
6808
4393
5375
6535
622
4165
1445
7492
7468
3729
2711
6392
9110
3631
2725
9521
5195
7903
5289
5996
6880
9066
408
9275
298
9406
5421
4203
8428
4374
2840
9424
3651
3342
8505
2726
3323
144
5612
5684
669
875
5496
4600
4896
4145
6260
2584
151
2837
1008
6910
3499
8905
9757
3866
6748
416
4497
5462
1907
6633
2890
951
1538
171
9815
4057
4443
8110
321
826
4854
4685
5600
2201
8869
3653
5119
1627
2720
3606
8424
3565
388
5043
6209
1248
3614
5166
1111
6994
5040
7635
7869
8304
4385
8934
9206
1144
3707
2493
8443
6524
5665
632
8251
957
4570
2748
490
85
5643
1553
466
3481
1991
7523
8063
3048
5357
5608
3733
3737
6340
7985
2777
3834
9563
1579
3195
3108
2525
1939
1819
5962
2823
2763
2036
1508
9782
9716
1851
9740
2742
9742
2586
2778
8349
8249
8527
6061
3375
8716
8834
8801
3749
4679
7650
1830
9874
1793
3407
6039
1990
5472
81
9304
9751
1055
14
6367
9458
7105
5812
5874
1090
1007
5929
5866
2297
7289
9422
880
8525
8099
7676
280
9488
5207
8697
6211
5637
8898
7757
5634
987
7087
8100
5766
6771
5343
1398
1434
5675
6949
3355
435
7938
9500
4865
9248
4299
7071
3982
4959
2687
1258
8532
7610
8980
7740
6820
263
3060
8351
2102
1625
5028
6987
5990
9950
4105
4694
5704
2879
9386
5522
7640
5970
2695
1837
1750
8012
1771
5373
3661
6059
3394
830
3285
11
9166
1513
268
2242
3536
5256
5463
8652
8729
5426
5945
7226
7949
4003
4152
9855
6740
2961
7430
5069
3564
6151
5315
3372
7206
789
8760
1724
5213
7695
9220
5671
8447
9639
5198
8824
9412
4282
4086
681
3740
1065
2671
326
2445
7088
7561
8616
3179
1886
812
1512
371
9562
9436
5219
9456
7835
6743
5449
9251
1640
394
1509
9340
2627
6354
2395
2639
4609
2367
3703
9152
1415
9089
149
471
9942
9573
6249
4717
7099
7608
726
4924
177
9414
1309
9145
6239
5313
8427
479
4549
5556
8823
6166
7675
4998
1152
6139
7045
5014
2524
3308
2688
8992
5879
2771
902
9802
977
1766
2203
1066
4346
978
7294
4316
9175
2842
4928
9468
334
739
1732
4161
5098
4012
4552
3550
1040
3392
3967
3200
2897
9630
7337
1745
1811
9795
9365
1899
5652
536
8565
2943
3327
1903
5010
9997
2675
6812
7050
6399
4301
6128
3895
2283
1043
5366
9865
1261
877
2967
5595
1661
4150
7859
3750
9087
6318
3974
44
6638
5666
2025
5186
6710
6267
7866
9668
4900
6503
6821
4286
6751
1374
7098
3210
2174
6896
4852
3037
3207
1442
5105
2494
8288
4622
2917
6545
8607
8318
2919
4274
3350
3234
2537
2467
5194
1634
4321
5514
3218
2281
3309
8148
8676
3154
8179
1569
1784
2734
4
5744
9254
973
9009
3440
5490
5798
1967
1975
6079
2337
9785
1420
3578
7230
9625
3419
6786
6647
2006
6360
2962
7970
67
500
1636
5692
6491
6325
3781
8400
3526
2601
7461
9970
9375
5839
5541
9338
9069
5713
7242
1305
8793
9647
5755
4831
1041
9709
7733
3517
4075
4752
3269
1091
5660
3013
5644
2506
3822
1404
7604
5024
4409
2503
9931
192
6181
7495
586
5898
1169
8417
589
6251
4133
3435
8353
798
6324
6385
4474
7212
7818
4072
2161
4362
8542
1353
8455
6377
8594
2914
5172
582
4627
5133
7513
450
2441
7309
4283
9975
2886
4754
4332
2594
4109
8210
1459
5117
9602
2443
6902
8495
7905
5283
1885
7888
3812
3593
4783
7849
652
7253
3632
4920
6021
6929
9902
4234
3752
9720
9769
9431
8412
8916
1582
5973
8357
5045
2807
6750
6699
1810
5046
2433
3307
402
9070
4797
6372
3595
5730
6682
7724
1343
8238
7522
8533
7153
1271
4911
9619
577
5638
6011
9932
8088
2893
2035
1377
1516
1089
4318
7421
8965
6968
1106
9547
6550
1498
3378
3872
2622
4716
4358
8001
2709
5086
4230
4551
5412
3190
9159
6792
9123
4044
8175
6194
4664
9492
3380
9918
9822
4364
4258
9648
3640
5631
8909
5694
1646
7540
9398
9947
2368
8859
2243
2282
1641
3531
6289
9167
5189
2425
9623
4115
5290
7649
5068
7876
1231
1734
4421
5890
3510
3039
6412
717
4097
9869
7882
3835
2022
6463
1695
3679
4771
8326
5999
8544
5127
8197
488
1717
6080
2843
292
5502
5780
1137
8807
2274
5477
1835
2535
7304
6108
7164
2120
7743
2322
5076
8015
7999
7702
7746
7877
7642
6452
4780
4703
8988
8978
7823
2941
4732
9437
9157
6659
7521
3941
2542
4313
7373
2746
2773
4875
8790
5873
3239
935
3902
267
2293
6231
3650
50
6605
9490
1298
5388
6104
1265
1304
5564
6103
9655
2409
8198
9258
1686
3163
427
433
9127
2829
7101
2271
1562
803
4578
4723
9937
2447
9242
6766
8093
8089
6053
4629
2278
9035
6723
4153
5223
260
8486
6
4501
2731
7451
8064
2403
7633
3992
2510
8415
5520
9482
3712
8234
6884
8176
4196
8492
8426
6458
6501
7689
7185
1182
5658
3783
1763
6014
805
9499
2171
6149
8054
8345
8609
5322
9229
7389
6478
7715
7926
5606
3810
4094
3521
3804
5310
5573
8165
5337
4459
8108
5292
3398
5398
9383
5735
4144
3532
6329
3841
8191
3943
9538
4999
8170
26
8020
5160
2041
9325
7106
1250
3176
808
8442
2516
7127
6561
3122
3767
2338
7233
2758
6898
4869
9773
6313
8945
9923
5218
3185
5465
6005
3123
5782
4338
5456
7843
392
4834
9413
7467
8908
5695
1475
5061
6950
1749
6117
7453
3549
6732
8538
6879
7867
3171
6890
4166
9714
9804
9441
8642
4426
7895
4697
4983
1677
3205
2889
9678
9584
5885
3539
1257
4821
9903
4905
3883
102
4476
585
3161
2738
2518
5603
9298
985
9949
9890
6168
2192
7562
7566
6344
8983
451
8090
7799
8454
4631
9703
1883
3347
3314
2485
6434
928
7247
2096
3731
3206
8885
8163
1061
9568
4280
1172
545
9852
8982
4329
9783
8308
2772
3669
9062
195
9845
323
7435
4466
191
3863
9200
4454
8850
8358
9665
5021
8254
9871
725
5787
3667
7647
7170
7781
4452
9887
7643
1277
8043
9811
3000
8819
1585
7026
6081
7844
3290
1411
6414
9010
3036
8396
3403
2049
5719
5252
8101
529
5307
9313
1685
2117
7559
9905
4923
3886
5897
5474
9467
561
199
8206
8039
1643
3219
5401
834
2213
2825
8517
5320
6356
1594
6845
6339
9015
8509
8662
7122
6271
3283
3704
9628
8011
2109
2462
6437
3177
9082
4011
4835
4583
8634
6582
9522
3880
4993
6400
1539
5653
5904
9116
1108
443
1890
7228
1610
1364
8344
9801
4245
4800
7006
7419
9100
1145
5718
3871
4002
6822
3201
1593
848
32
8299
3998
1871
4759
281
1735
9611
1324
1421
8600
5605
6727
3666
1868
7788
5356
130
3305
1067
2666
7215
9285
8851
7565
9560
1076
7255
6580
6913
7766
601
1576
8030
1044
7260
6084
9140
9204
5622
8516
9507
7330
1970
4240
7892
3202
5018
7527
3253
6933
2598
295
6665
8956
2612
8853
5944
1520
5460
3801
22
5051
5294
616
2417
2853
6888
9982
2061
1384
3755
6004
3728
945
4187
8947
4073
5865
1237
3204
8319
6914
69
3832
5875
2868
3492
1958
8413
9185
7585
4696
4365
4217
1647
5023
8543
860
613
9181
4628
9391
6191
5954
4339
6229
9797
3773
9644
5208
2380
7130
9486
741
4638
9588
249
730
3430
8529
3981
1531
4788
9928
2896
7725
4870
6559
3515
1973
5483
87
9534
1832
1385
1171
3361
3388
4769
3023
9823
5687
3178
7756
8156
7097
7793
7699
5164
2017
1770
5106
4625
5725
4891
2160
5724
3426
5103
2857
135
7322
9536
882
3396
1312
7706
7769
5512
5250
7316
6528
2086
4255
232
8336
5632
1943
3367
6557
9064
5293
6454
635
8789
5192
7530
1197
3931
8293
1097
809
4160
7528
2926
2152
2756
7069
4074
9363
1308
1758
9036
6432
5145
1496
9343
6185
9721
8826
9731
2166
7510
7761
7505
1654
6825
6636
1635
1723
6624
4766
3136
3698
2129
8367
3164
9586
6977
7249
2173
8446
2664
1642
8382
7112
8066
1151
2722
8800
664
3359
3229
6345
794
5655
4824
6986
6034
7786
285
6934
2292
8960
9189
9252
7329
1491
2894
6519
1977
4671
2455
7079
6770
9170
6023
8726
431
6797
7411
2706
8581
1141
7890
6579
6944
3918
208
8899
558
7768
6966
5909
5318
5397
5276
1549
6500
2289
4990
8802
8646
4585
2080
2658
1894
4369
414
3093
4706
4430
4744
863
250
923
1471
1239
2583
6284
4751
4397
8331
7484
3084
5382
8493
3331
3775
410
9653
8375
2822
7732
6288
5478
9954
9362
9516
543
4676
2480
1850
426
9556
8694
1100
5272
222
7374
1748
832
4315
1523
7796
7703
6800
8310
4058
6930
2471
9216
6390
5458
9079
9792
1272
4947
4429
2343
5493
2830
5939
6943
9128
2654
8497
4845
644
5032
1344
8747
5952
2686
6349
1373
8927
8231
141
7862
8925
4897
6025
5560
2673
4842
5088
4367
4493
3420
6789
7021
5850
7323
6954
2527
9368
2487
2486
2674
7838
5407
3351
1389
5729
4975
547
9320
1482
8458
6386
5964
3930
9465
1122
7499
8146
6719
1658
1132
4607
4602
1511
6024
3637
813
3247
9425
4275
2069
8856
4241
5534
5080
1425
8034
7713
1923
6159
4448
5261
5781
9618
3235
4978
4009
2920
20
6815
3454
3091
6619
1713
8316
7751
3520
7968
8955
2248
6300
4519
7719
7182
9061
1607
5957
6135
2780
7392
9225
5827
8975
4912
6212
3174
6980
3389
3522
2001
1662
3568
7257
4546
3884
1957
5037
2936
9355
8540
8042
4887
3625
9654
9063
9713
9699
7042
1829
6492
706
9643
216
7274
1195
8797
5
8872
9535
4001
8780
1186
356
9039
8775
6175
7770
778
8466
1311
3605
3024
8736
8327
7568
6775
1855
797
9603
7070
3272
3008
5738
5263
767
4849
6116
7805
5732
2872
8765
3181
9023
5543
6477
169
154
6649
6532
2581
8399
3916
1142
109
8181
8282
4908
1080
2101
3232
5823
9979
8291
7992
7618
8809
6305
3997
4251
4508
7918
2301
6549
2515
117
1674
5364
986
5059
9037
4008
5793
6971
4884
1974
5806
4360
217
8342
638
5140
7886
5107
3923
5048
6052
8185
8839
7944
4826
8629
6726
8286
5633
5905
7177
2927
5265
7487
1965
2923
7159
2304
5273
1558
8355
3011
9328
3838
3853
7989
3465
4705
5563
3441
2021
5033
2749
8119
3929
4784
4539
4582
4693
4178
5720
4510
4782
4433
9281
7897
1301
9295
7372
6860
8128
9141
3180
2611
8998
9808
2361
4047
9022
5115
1418
2883
7795
9163
6351
7405
9235
9352
4199
8563
9306
4107
750
2790
8816
517
8268
4193
1818
1064
403
1297
8366
3516
3701
4516
9626
3975
4181
7273
9210
1959
6772
6049
6722
979
5924
5813
3641
1915
4243
1477
1443
1315
5246
6765
2570
4615
1031
9640
4083
4777
2284
6227
6828
5177
6071
8202
8663
2140
7136
5274
307
6293
2237
9904
30
9859
1340
6210
4813
3395
516
175
874
2933
3699
168
7827
7614
8484
2618
1860
9857
2134
3151
2479
3901
2198
8987
9487
1948
5005
8649
7570
646
6515
7932
7902
6126
1954
7767
3083
3189
9239
4006
3107
5876
8232
5951
3165
8688
4504
7390
5663
5211
7049
7531
5231
2027
1762
8553
1938
8651
1945
3633
3271
3118
95
6408
7626
3006
4151
3473
6481
8917
2340
1025
7864
5921
2178
3018
2826
3288
383
6847
5434
5083
2809
4106
1506
6018
2275
6266
8579
4231
2478
3409
3112
9190
290
9897
2130
5941
4574
2060
5387
4131
9273
2241
4381
4692
9523
8539
3319
2812
5342
5402
9129
4792
2565
2984
5746
873
4297
7032
2442
2162
6374
8794
9839
4143
7809
5053
3423
8973
2692
3584
6935
7382
6925
1639
1980
7387
1463
5949
2011
6841
4444
2285
9781
6611
3587
678
5408
2736
2972
6586
9779
9144
9672
269
3573
5535
5549
6527
3856
7119
1699
8682
1590
6570
7427
7310
5591
9027
5492
227
7109
7258
9378
4407
5354
6687
971
3282
2135
5427
3741
8970
7670
8395
2637
8069
7490
898
8930
3067
218
2432
1700
9199
7409
9889
6363
8004
1158
9135
1620
3664
4701
7340
1326
461
6960
179
693
4791
2559
4484
581
333
7904
7193
6119
6939
6915
7865
6015
4092
9024
7718
6571
6887
2864
9471
820
906
7861
8398
6042
1412
5433
1205
7469
1050
64
7350
5275
2164
103
9104
2869
3109
7307
1292
1722
1165
9113
8848
8439
9357
4077
1209
787
223
9274
746
8718
7075
3676
1648
8999
3032
5482
8347
2083
4953
4431
6525
901
3617
8464
3411
7091
4392
6167
7025
3047
2873
8817
2231
4471
7204
5967
9927
6734
9974
8883
6558
804
2679
4155
3289
4156
176
6379
3488
4556
6666
6387
6997
4548
8912
3889
1631
3125
7884
5209
8060
1497
8938
5221
7371
4494
8500
4308
526
6038
8394
8468
949
7019
5031
5114
5851
3577
2106
4492
2373
564
3293
5552
8469
5791
5182
7440
6160
9637
1350
8237
5662
5116
8253
3031
8739
8135
6459
7144
2659
6489
7151
3811
1362
763
9449
83
7250
5757
673
5467
9000
8440
9294
9744
1133
9580
9311
9211
6213
1863
9031
1861
7502
5545
5406
7160
6598
8052
6486
2981
9717
5882
150
25
3230
962
5648
132
3622
456
8463
9913
6761
5678
4553
491
4070
4618
5381
9945
9384
9807
4773
2230
2355
1655
437
8937
5003
7481
7191
5159
261
4839
1193
4686
760
147
810
7398
7572
8714
4793
6055
1893
6002
2076
2799
3249
9182
4170
1369
5696
5740
3147
2151
6040
7981
4200
3859
5676
9989
2603
6199
1504
8085
2911
6810
6904
4724
7301
6214
9179
1213
2024
1426
2548
1102
9537
9317
4069
1281
3840
7005
3101
6401
6278
3280
8459
3236
2451
4613
1664
5009
6916
2393
3899
1736
2694
3140
7463
7533
3233
6678
8814
1689
6476
3780
9117
5726
1519
2408
2168
3870
2360
6984
7571
7991
7507
9582
4192
2550
5173
5012
4276
4489
7414
71
1774
1798
4292
4785
4000
9208
4391
5610
9312
6129
8324
4672
729
4619
9440
775
716
4284
62
2339
7535
3356
1192
1439
3192
992
2058
1220
4439
7113
8061
4985
5821
6670
3366
2435
2561
2410
6646
6098
8830
9964
1755
2616
1739
6870
8536
9539
8087
9571
5042
5829
7708
5717
8393
9707
9228
6142
3413
8329
423
5125
7056
4683
5432
5379
4938
9073
2602
7579
99
2741
8762
9786
1702
4176
3088
2446
6970
9909
4722
9376
1788
5969
1644
9621
6215
6413
967
7954
7155
5657
9033
1177
4952
9517
5783
7445
1320
5234
919
5319
9260
4762
6497
9394
2291
129
7012
6742
9265
6696
2953
8576
3894
793
677
8804
3030
1983
8684
8297
7883
7270
1902
5641
815
796
2572
9891
6817
7357
5902
8136
2653
7168
6837
1166
7403
8207
6003
9843
2862
2415
1279
3808
3102
8698
5425
8058
49
5626
7244
8627
5711
3022
5844
7663
3479
9153
2796
720
2159
6956
7856
7887
8456
4333
7901
3100
1160
899
5093
7627
4895
5992
6382
3191
5372
1118
9469
7739
9483
3563
5499
4770
5736
9198
1981
9249
1778
441
9682
8892
8372
8589
1744
9856
6689
6985
1095
9326
6109
9784
2588
3947
5938
9045
2413
6419
5025
4017
9075
5158
5903
1769
9187
7408
9466
6667
5570
7615
1927
409
1742
1929
190
2089
4853
4394
5089
155
6937
1387
3142
2220
1996
711
2998
3839
950
1609
6315
2558
3264
8926
1839
9072
7268
6247
6496
672
1992
599
9267
7280
5702
4343
9263
6657
6778
7412
7062
7399
5201
1881
8028
4806
2678
63
4681
1303
4204
6032
3063
3670
9415
4420
367
9849
5365
1913
2305
8513
2034
5686
1105
8499
7691
5237
6035
8078
7361
5546
1896
254
9453
9335
785
3826
6000
9873
2257
8508
43
1370
6744
8317
835
493
4608
2563
4139
7200
1877
2992
541
600
8118
7290
7696
8434
196
512
1842
8828
1712
5029
8764
1933
8036
1441
4300
3518
1571
8126
6947
2613
5959
3240
7558
3050
9892
1098
6134
2005
4022
262
38
8149
4913
6703
3476
3615
5540
2834
1221
9512
7898
7240
6101
7265
7349
6572
6895
5635
507
3445
3907
9344
4023
4589
8626
4236
8990
4639
4527
6178
801
259
920
8622
2774
4019
5797
5922
1541
5006
6654
3524
5926
3275
5279
6648
944
8246
3957
8647
3990
9992
8821
293
9658
9226
6842
5768
7810
3603
6858
4209
7038
319
4787
4864
9120
2846
5727
5664
2502
5925
7637
8103
1515
9051
9227
6066
9948
5906
5748
3457
308
1856
2233
4298
4892
6622
2568
5691
6630
1718
6255
4005
1816
7466
7815
8709
198
2549
111
4525
1321
2056
1423
357
8248
7961
2402
5794
7729
9443
7238
3978
4423
2942
1356
9750
6073
9125
5266
1194
8769
9339
6261
9552
306
1072
3137
7095
2172
3690
17
2685
1167
5047
3329
341
8725
1259
214
4846
2372
5747
8750
4710
3821
602
814
2287
2047
2698
1728
3994
5803
8478
4713
4515
3270
6425
2564
4768
1895
6366
574
412
2990
8703
8557
8132
9493
1075
710
5054
6100
5683
1517
8457
932
9700
837
9661
4055
2585
9725
2645
4718
2384
5352
6421
7154
5759
881
2143
3961
5154
4432
2821
2723
5654
5815
6389
9400
8247
2521
5542
2366
3490
8833
2040
5391
9026
5621
6945
6388
7051
4244
5893
686
1230
9287
7908
4174
6037
29
6165
1942
5314
6090
9821
7777
5353
3720
2495
4868
3495
4586
4050
1267
9608
6202
5351
8265
4020
7235
8843
4079
9292
2902
8284
7321
8239
628
1424
5151
1845
5022
8256
9828
2999
7298
9107
498
9411
4840
5007
9704
8704
1238
3501
8985
2916
1337
5338
311
8430
3682
2081
2617
4927
1124
9711
9636
8361
9868
4590
4882
6269
991
3714
9847
455
346
8444
1396
7084
7697
8933
1612
651
3281
3487
7963
7369
3117
9269
7065
7397
4088
3787
2557
7420
4565
7974
7819
4774
7537
6427
5509
8502
9318
6069
8875
4326
824
8854
4136
1392
5811
3630
4872
1536
1925
2123
53
5555
9161
6674
5559
8653
1978
8074
3326
1379
764
6588
8779
5199
7352
4859
7836
7425
1395
46
8989
6963
4756
924
2636
3103
9334
5601
9559
7446
4262
1891
6384
9055
344
4224
8153
2968
3945
9367
4533
884
1318
5183
9476
5820
7457
620
4856
6741
2138
3719
1672
6683
7652
3983
8778
666
36
5026
2484
790
9329
5592
9669
883
7125
941
6578
5910
4198
4482
4406
8995
6508
8390
9124
1597
9837
3131
3903
2294
5271
8403
768
653
3913
304
8968
7312
8019
123
9977
625
6712
3551
2256
5346
7306
6889
219
1150
8893
8895
7578
8312
4399
5976
1555
6641
4932
7248
1254
6097
3537
28
4520
4779
2691
1253
2643
728
6122
4832
5336
6969
4576
3456
3758
1039
2595
9886
1720
8841
385
9308
6484
7360
3933
7787
5579
8155
6758
8904
1446
9875
6989
674
8420
1244
6629
7794
7192
7875
655
6086
7841
7592
4517
3056
6410
124
3980
1626
7243
1600
5656
6370
2210
1051
6632
5058
8452
9201
1726
614
1053
849
465
3172
8671
3381
436
5613
3827
6404
9605
7433
165
8914
9439
3705
3600
9846
9831
6457
4698
2855
8236
1060
4634
3864
5529
3860
3673
4945
6826
5679
1581
742
1120
4032
8669
335
8055
3415
6462
3730
7660
7259
7549
6704
4789
4138
2597
1388
7283
8708
5620
532
2329
8644
7879
6470
865
7396
1493
2424
5278
2333
2993
8309
5056
3496
2148
9592
9694
126
3498
6153
9369
9818
1693
203
370
2836
7224
1575
9374
8820
6787
2652
6241
4221
7308
2103
7272
1563
2971
3424
9044
9960
7266
8003
1422
2835
7096
3598
9158
892
9929
9723
3188
186
8808
5311
1659
6429
5602
3803
7586
3798
2882
2965
3854
5575
8109
9007
9710
604
2145
5919
6031
8
3221
6617
8638
3892
4847
160
5682
5577
7313
6656
6620
4977
9533
2116
3508
511
7589
5476
6662
5965
4266
1714
6774
8173
5326
3421
7945
5439
8994
2353
6203
7569
9593
193
1561
4991
6690
7429
2375
5645
4699
4201
8699
3325
7450
2144
1514
3412
9390
7183
5073
7605
3322
5950
7532
2197
3794
9706
209
3534
9081
300
35
633
7476
5761
6395
8805
9300
7078
9330
7785
6257
486
8876
1187
1622
3727
8936
8518
1128
4457
1481
3882
2624
3129
4653
1378
2910
4101
735
5368
7690
1204
419
2845
4354
557
2912
530
7817
6923
4305
243
9805
2646
4929
4801
3843
8742
4739
9581
6575
2876
9359
5968
772
9231
6376
9627
3525
6183
3847
4323
2019
2885
5800
5777
7292
296
4860
1931
9638
2665
1359
1291
6235
6839
6759
2788
5985
3831
8105
2311
5734
2039
7525
6348
9641
7169
1848
5796
5340
6281
7870
3689
3316
8261
2574
2383
202
4463
575
9372
6488
8519
2546
5567
2901
3438
6245
294
3170
3702
1756
9291
3999
9146
6431
1453
3560
7328
5972
3684
1705
1085
400
7033
7764
7638
2087
5871
4690
5050
908
5431
8737
7804
1801
4596
9423
343
3607
7850
6919
434
663
2752
7692
8306
7449
879
7854
2072
7666
7946
7299
5690
7054
9004
3385
7553
4410
8531
1969
724
4735
5889
8278
592
275
5468
8948
823
9546
9836
6764
2209
9531
9663
5832
5163
6612
8811
3076
7617
2165
2469
4172
3231
3324
847
9168
8597
7783
963
4378
2672
5124
8013
4442
2179
2874
1971
8419
1289
4935
4503
3090
9677
3317
6236
2895
7082
1330
515
9729
8091
4595
7857
4033
3311
3579
1178
472
5596
1869
1952
2735
4825
4904
9676
8449
3387
5977
6988
9660
2399
2185
936
2265
9726
7741
4531
4564
7716
9438
4942
9612
5077
9232
9986
5044
8098
6596
994
5672
5625
2007
5446
7951
8328
9761
2002
7812
5958
3952
7494
9771
9001
3644
9724
1917
4071
6342
5852
3141
359
2733
2358
339
6296
2382
3879
3152
9353
8410
7120
7464
3448
4438
7015
709
2964
6709
4644
6353
1803
2841
9336
2302
8723
2668
6627
8896
6673
2463
7460
654
1840
6827
5843
9473
9743
1928
9432
6426
5769
5230
107
1302
314
7017
230
8889
9984
1156
2312
349
1759
6230
1501
2541
6738
6534
1537
3708
8974
6573
8635
1876
7339
1407
7473
1181
6487
4996
4919
4851
3352
8523
7189
5758
7456
2813
7437
8641
101
4405
1557
1587
7966
8386
5934
5255
3480
2633
5447
9829
3162
2077
8577
5220
4861
9691
7162
1104
1638
5862
9463
5753
1765
5677
7001
2288
3583
2349
3786
9696
4026
52
1632
871
5097
548
5374
2562
5400
6807
8858
9319
965
1573
7845
3580
6922
627
9322
4126
3078
5332
7359
1781
3043
4597
5750
8460
7288
3797
8692
8711
3734
4907
8226
5849
4447
5530
9223
106
421
806
3909
462
8095
1116
114
1047
5943
1833
7471
5960
5350
2205
2839
1807
8891
7209
6940
9399
5594
4939
7376
6538
2010
3706
8986
989
9433
9048
6938
233
2142
3844
1955
4651
9356
3344
4416
5344
7924
8122
7354
1805
3148
1110
3301
7237
3041
3341
4667
9091
9998
2050
8573
6878
9233
8812
5134
3946
6688
454
2234
630
6849
6158
2045
2795
1386
9601
2157
3468
8601
539
5206
9485
3262
3928
2269
9508
6220
1776
289
6705
8192
7900
8277
1403
988
7860
3334
3816
9444
3807
9952
896
1505
8865
5156
6714
8024
288
1560
1618
3019
7132
7765
4348
6569
3489
2569
7377
3369
8757
8021
3815
5137
3962
4563
4366
5705
1255
8269
8476
3942
9192
2316
5304
6867
2352
893
9105
7542
4239
1831
5152
8094
6029
9832
4867
857
2721
3310
2529
7197
7474
1086
9613
1241
9524
2377
5896
1313
5078
7375
2088
8813
3995
1078
8658
3938
647
1708
5581
1260
360
8258
8141
7141
77
3092
9
5932
8614
9570
8371
9286
1740
8920
8123
5765
731
1777
5334
8046
7813
6737
4113
3404
9940
4208
8161
6436
5974
8121
8143
1427
5347
3836
9402
8177
2640
2
3400
1820
5132
1953
8887
7296
4422
1210
4388
1263
501
5063
2336
4051
4007
3238
9162
3135
7117
662
9074
9939
244
1264
9111
2119
9405
5681
4738
1707
1225
9649
9520
8325
3196
418
6974
136
954
8918
1375
4141
1900
4775
1153
2371
6044
4404
5770
9565
8307
9139
2818
4898
1125
7465
7957
9401
5454
6222
8548
4727
2186
6625
6233
1817
9819
1175
1276
3754
821
3581
7077
1483
712
6439
569
703
6007
9532
7789
1212
5494
4858
6418
5358
6911
5597
6125
2317
7500
2416
6556
2321
5895
9683
5418
3061
1155
7488
8902
6783
2133
3677
9722
1936
8332
8592
1841
3721
1099
4902
9207
713
1486
2437
2057
4581
828
8350
417
2318
3328
7780
1596
174
5062
682
910
1671
2401
2808
4351
7418
1853
182
958
8451
5807
2062
4802
8178
90
8829
5450
60
922
1566
1633
8575
6479
3228
1906
8339
6189
5576
163
3444
8586
7824
8018
7814
5052
3778
143
6246
2239
9544
4980
5809
7658
2136
3663
2940
13
3167
252
2341
8008
5480
9209
943
5016
1503
9841
9054
9925
1668
7599
4841
8803
5111
183
7475
2747
8086
2258
9955
45
4901
6539
6196
8062
1070
4636
7603
2176
1826
5773
7338
3245
8605
5835
1268
8596
8140
5914
2439
8233
5818
7975
9489
8510
9224
3950
911
3739
938
7593
5703
9914
1500
694
5268
4877
2227
1
9793
4965
4487
3562
4461
8301
3127
1780
393
6864
6846
3268
1287
8798
2730
2743
76
3547
239
8125
8842
9361
1616
5143
1317
3057
4794
1731
5017
9279
9996
4225
5741
7035
6067
7517
1400
595
2181
7636
7714
318
3953
4353
6485
2422
1989
2938
9525
1946
5698
5190
7506
4916
1282
2252
897
8730
6350
4436
2793
7685
2519
7187
2512
1484
8882
1882
1325
4125
5197
6658
1630
2189
5880
9238
1057
1232
2526
8751
8771
7511
6294
8267
931
7939
1545
8678
4733
1727
5659
2155
5901
4857
1678
224
6341
8791
4957
2346
9901
990
4669
3246
299
6581
4700
9664
7910
3915
2536
9109
753
7802
7327
2575
458
1161
8595
1645
5349
5329
7736
7027
3965
6833
2240
4053
8186
8864
4263
7319
2924
9246
242
3989
6592
9555
1416
4680
7018
411
8203
8660
2689
2295
5471
7291
5642
56
8264
2951
5423
3770
246
8075
8124
3850
4889
3313
2477
4561
3121
8082
690
5004
4661
4560
4327
7686
7043
7927
8666
2713
207
2660
3590
6450
933
3936
33
2307
2625
5034
8142
4948
1920
2982
9988
2245
6763
6131
1129
485
6574
1823
492
2334
6277
3250
453
7059
5816
6684
5333
8745
7906
276
584
6992
12
7014
4632
6046
9259
6253
4021
272
478
7914
3187
5136
2555
476
4222
8245
3557
5536
862
5764
3681
8437
4747
2420
4336
8102
4254
3491
4534
9675
3665
1694
4157
3297
6444
6446
9514
914
6406
6270
4721
5513
6469
9392
3820
2093
508
8354
4288
9739
3675
7547
5859
8661
9850
4955
4645
3082
7115
1294
7778
9959
5834
7534
1716
3620
338
6162
5035
1414
7891
5414
2266
8969
7150
3197
3077
6576
8482
7798
5067
8815
7029
807
2504
6873
2026
7269
4324
1419
1123
9501
2066
1709
940
6537
2221
4445
5101
497
5547
1787
6530
4951
7646
9610
7157
7048
6068
9388
5528
9966
2856
8044
6225
7509
470
9835
2590
348
1243
9912
8000
5808
9085
7759
7834
2801
3764
4085
3959
3746
1968
9922
9366
439
8474
4650
8744
2296
6615
9360
8041
4302
5205
6154
788
9092
1347
5858
6599
658
9191
1843
4269
3876
4435
8759
9484
494
1997
3484
6050
4695
2046
7556
3296
9083
6706
6317
2124
9631
9257
8620
5500
811
8374
8766
4719
3645
2768
859
47
2848
3654
4514
6136
9844
8150
8617
8462
984
9935
2430
8465
1799
5079
6064
4630
1547
9164
4290
3530
2218
9130
6099
7734
8897
4808
2013
7616
2236
5587
617
2310
1857
7912
7455
9866
382
7305
1487
9898
7776
200
7184
5948
5869
3086
1235
1673
1406
8188
2760
9218
4954
16
4502
8222
6420
7852
6540
8608
4090
4037
5074
565
5697
791
2877
8360
5521
7742
9032
7955
9542
366
6026
705
1741
4987
3155
3017
5846
5710
9961
4569
9052
6295
9150
3214
7497
1134
3512
1604
9188
2273
3881
4507
4855
6523
4048
305
6272
3055
6030
8097
6548
3519
5082
8570
6048
3241
415
3071
5473
9213
2167
6320
5700
8863
1738
2497
8276
4809
3318
5087
6338
8169
5441
5128
974
9278
1218
7920
8612
3005
1049
5038
1207
8690
5095
2398
6872
9519
953
2880
5506
6831
3312
7217
4637
1447
7161
1004
8488
5661
8686
4268
4218
8810
4066
211
3971
9404
8184
8255
9790
5673
4614
8363
4743
3694
1103
2100
405
4304
4030
6219
9419
8566
8057
1637
5640
3612
5378
5168
3851
4314
6302
8732
7947
2400
642
5288
7347
8067
9708
6093
89
7311
4028
7444
2386
8305
1092
8129
358
6085
7262
7972
215
1005
4571
3442
7609
7264
3223
6669
6373
6794
1354
1988
9447
5214
6595
350
2693
2670
4029
9933
5887
9098
6762
3358
2037
116
3390
2980
9985
4512
5013
3765
5998
6012
6544
2499
7416
1552
322
2945
4890
2712
1233
3674
1087
641
7829
9303
6562
7149
2184
6801
5931
8552
1022
5801
5884
1747
4837
1791
3558
4550
7378
8130
5185
5737
5339
6150
2814
320
2345
8385
9872
5130
7679
3399
1815
5981
7782
7749
4495
6468
6145
2214
9587
7297
5980
2270
4341
5861
4781
5210
5148
9995
8448
8655
4588
3114
7080
6805
8773
4067
930
4319
1393
3098
700
9770
6323
8038
5109
1751
3862
1206
5571
9692
7441
9348
1185
6111
8977
2931
6511
3857
5707
7496
4647
3723
6279
1940
9276
8844
2667
7773
4742
1046
1390
9059
3604
3452
7218
7863
5715
9788
2973
5685
2803
2656
3757
8409
6566
9951
7936
8923
8932
6871
3085
2216
7355
3433
2811
9096
6711
8907
9183
6983
3652
8753
583
1112
6613
6422
4412
3458
2946
6998
1202
774
8037
9305
2851
7698
1783
6757
9657
2888
1366
3964
8724
7990
1114
9371
7225
4127
3213
3348
3159
3900
912
5762
6614
9193
9591
2419
1583
1273
4414
7083
723
6753
2816
8610
5742
6560
4930
9470
699
7216
7401
2530
4767
88
9920
237
9452
5975
266
8006
3642
3437
1056
3010
6336
4334
5371
6016
1775
7630
9451
6464
1357
122
7256
3040
2461
6493
5716
6164
9428
6242
2913
125
2070
8758
6554
5586
4663
3963
9270
3608
4395
997
3259
4961
4755
4575
7634
3724
373
3571
6637
7720
7447
9380
1138
7284
6604
7631
3824
3383
7013
6259
7064
5239
5225
7220
7107
7758
1688
3977
2183
2607
2987
5428
5204
5254
1367
5222
7093
2029
1348
6735
6928
2702
7987
4500
8242
6297
5491
170
5963
3504
8287
2263
3020
9987
8556
3785
6589
7680
7597
447
5523
4684
9789
5011
9049
2623
2635
9472
6600
5881
2465
3494
374
8929
7524
2073
1269
3446
396
8922
5607
3276
3659
4572
629
5639
9176
3691
1417
2787
5527
2280
5615
9017
3678
5618
7943
9876
3559
2545
7983
7318
5284
9853
2457
7126
9585
2115
9679
4163
9705
3295
7108
3569
9944
9097
1985
8113
2262
4061
5060
8528
8722
1436
1570
8073
8032
5582
6287
4874
7477
3660
6095
2350
6542
8104
3357
1499
6547
1168
8241
5956
5071
7501
2207
8944
1960
2628
5000
4355
7231
6565
2682
3168
1402
5870
6309
7872
5745
2238
8477
3624
7
2589
84
5144
5306
756
7104
3414
6381
9460
2995
2131
1352
3759
9924
355
161
51
6962
5863
4795
670
4016
1556
3828
4171
7832
5312
8507
4537
2642
162
4296
4450
1760
1234
7201
5917
4950
3046
1844
2907
6739
5723
4213
8867
8665
5236
4173
4159
4758
4191
3599
4356
5908
2188
942
3647
7053
1926
2861
7969
8262
4799
2177
3611
2892
9858
37
8408
9936
2956
4506
7061
6516
2031
8387
7762
4969
1692
2448
6118
376
2513
7907
4352
6355
2094
8613
1236
7543
6502
5701
2655
4914
9860
3768
9450
8631
6811
771
3095
736
4910
1371
5393
6661
1521
5731
6555
1872
6041
1565
7669
70
2015
2939
9569
1032
2573
9408
546
4093
6520
9496
4328
525
5100
2937
5867
6398
6244
3466
7582
7222
5202
9688
5551
4741
7978
9712
204
2977
7930
2235
3363
372
769
1409
3973
2222
5420
1063
3382
9165
7779
1342
7202
8115
6083
6473
9417
1873
745
6852
4368
7735
2187
8583
6897
3610
3761
886
8950
5049
7933
7370
9416
1649
5327
9617
245
3920
1002
5277
3485
2359
4169
4434
6006
4605
270
6036
5891
3769
5122
7356
2016
8314
3985
1524
9178
9848
1947
8152
7594
2859
3711
9670
3194
1467
909
9616
5574
5228
9814
2000
9121
6747
5187
4798
4440
8154
5831
1094
1226
5085
2707
6152
697
4481
3474
3096
1898
7007
1316
3332
5020
7363
3035
5836
5191
8621
5141
3561
4804
4483
2578
2630
3105
861
9767
6072
4080
3475
1761
5537
5165
4330
2466
8770
6110
7878
7722
2621
2431
1611
9830
291
3511
8379
6218
8512
5508
782
8931
1154
495
7057
8133
7922
5072
3256
1790
6405
6250
4214
5167
4235
3656
6332
2277
7988
7281
3575
1048
7774
4102
3493
3979
9794
9244
6275
5176
5030
8338
6782
1621
7826
1875
7300
3320
9893
8219
59
7100
1363
1935
5240
2276
5257
5828
856
4885
8359
332
9698
7994
7518
831
8756
2983
5348
7941
5242
6961
9651
3570
4753
8549
5299
7146
369
4972
3265
2791
4228
4976
6234
6875
3362
5094
1660
8257
4745
6299
8017
7380
5916
3222
7279
5459
4654
4720
6327
9119
6698
3080
621
4863
9687
7199
8453
8285
2786
1191
4715
7178
1679
309
429
1322
3533
5947
3662
9863
1825
1824
9290
7655
618
4880
9965
4207
6819
6107
3718
7934
7198
1490
9090
1290
607
1764
8204
7820
4591
340
9809
6675
7432
2596
7422
7156
2328
5249
5553
8033
3153
2347
2553
918
4557
3893
761
5517
6749
6725
1897
1033
3514
2476
312
5763
1488
1240
3349
7454
7163
1725
2587
4726
377
6490
258
3467
4893
3849
9509
1580
2514
7648
657
445
9666
1198
8884
6216
2376
822
5091
4317
185
201
5229
7024
2847
7519
7491
5226
2434
8630
2423
8369
3914
2095
3073
5064
1020
9095
3513
3074
6362
1329
9894
4095
7004
7601
8656
8788
5799
3463
4725
1681
4024
6170
1147
6292
4285
4594
9114
1909
9634
9177
6146
5453
4829
1079
8657
5445
5084
4772
4931
2438
2540
1757
1360
5733
8009
7682
5269
9881
3837
10
1054
4470
5027
7413
9160
891
8218
2800
596
961
876
2308
5739
6859
8194
3873
378
5298
4542
5767
9283
689
6258
8733
1381
2854
2191
1591
7286
8337
7236
9205
8147
2320
5722
8117
8623
3904
3970
2397
6148
8504
2105
6228
1703
9215
4545
8645
283
5598
3878
5628
4453
7158
8228
4372
9799
1852
5224
3553
4981
7346
1729
1000
18
2389
6731
3001
8537
368
3692
5244
8272
148
6952
7526
4660
9681
7976
588
4523
2149
946
1300
8406
6252
1216
2994
9282
7754
817
2128
7358
7034
9108
6190
2949
8735
2556
1595
1888
6818
7654
8559
3802
5121
303
5680
4843
679
4104
7110
3132
8636
6114
8847
1266
5619
5180
4312
3896
3304
9824
23
2055
274
6702
477
9976
4708
506
762
8845
5572
3636
7176
1480
1746
1247
4528
7958
8411
4941
567
6430
8047
1461
2489
3104
4098
3756
2125
3471
9991
748
7825
2970
8628
5860
8356
6443
9358
8625
9646
6517
313
781
1136
1429
624
2552
9882
4182
9934
8611
1428
4250
1507
825
7241
4593
1789
9506
4132
8362
9284
5822
3391
9156
7138
7221
4415
9420
7868
5650
1584
4850
3087
5877
5562
3858
7147
560
4467
6176
3861
7544
4186
5668
4949
691
3094
241
3688
8373
8701
8521
7622
6169
1200
1526
5126
7400
9136
7102
8836
4538
1904
3868
8921
667
6033
8710
4757
3497
7677
3503
9005
4135
8144
9421
2412
5102
4986
562
2717
605
7611
8049
916
4359
1527
510
5155
3007
8224
7858
570
5790
8890
3065
345
5714
9583
7219
1011
8787
4635
6471
4279
6718
7436
5438
2098
999
5583
6863
842
1201
2391
3175
8213
4390
5384
6936
8221
5178
4658
8200
6693
9701
9629
3401
3110
5604
6876
2566
2472
3507
6850
5361
9549
4403
55
4027
7116
2279
5179
8910
5515
8365
3242
7483
7036
2003
915
5118
6790
7074
503
4195
5568
6829
6993
2059
6978
9926
234
1624
9578
9728
8346
659
3208
7293
6060
3059
3184
4805
1126
4205
172
8861
3138
6835
2111
3042
7121
2023
3887
5855
5297
2112
9540
6096
9697
3436
5760
287
5328
818
1737
7668
2501
555
1026
9747
8881
4879
8696
4776
6695
8475
1019
4819
4944
4617
9314
7276
9094
3996
6567
1199
4995
1270
1846
7717
1698
7712
4649
1586
3027
5448
3133
9222
8772
3478
7651
8214
108
9943
9566
1015
8588
6853
7688
9078
3505
580
3226
5394
7937
7285
6298
73
7602
3075
475
7512
8503
2957
2958
2323
6755
3541
7953
6147
6447
687
3257
3156
180
1930
4962
5235
2764
9309
1335
1485
1972
2253
7674
8967
7889
2819
5674
7002
6407
6959
7009
7114
8209
1338
4648
5316
3034
6062
549
3
3777
8035
8489
6017
21
3455
6736
8364
6616
6768
2250
5259
3062
8659
9572
5436
4018
7333
284
1361
9530
365
2406
8951
770
4960
5804
6907
58
8560
6475
4384
4056
5264
3529
3004
568
4652
9315
5251
5481
9099
9957
4547
4640
9327
2905
4982
7591
2714
4110
4490
719
3842
2997
5554
6715
206
4737
7028
4149
5955
7348
1444
6869
6655
42
8879
9046
2356
6076
6653
8059
1084
8180
4387
7031
579
8964
4833
236
9409
3639
4417
2759
1691
489
734
9577
7554
1905
157
5825
2769
5585
2649
2701
4419
9609
1069
9622
3528
6512
9296
3538
6187
5092
7434
7166
6694
8866
1567
6623
6333
9047
353
3751
4272
8383
8212
749
7607
8183
6177
9777
2156
5590
853
1554
3330
5558
2032
535
2955
4668
2677
2928
9981
5243
1568
5070
1588
2867
4177
6816
6346
5940
1518
9589
747
3742
8145
8494
6276
430
6643
7384
3393
9916
1203
5157
7485
9735
4060
8296
3540
2468
1027
4185
2810
7171
7986
6009
8190
795
4511
9332
722
6113
9838
2647
2319
9842
5363
6609
3852
4750
4252
9673
1018
6347
4473
2474
3509
1457
4197
8572
5212
5533
6716
1246
2054
8496
1394
8321
5396
3299
8320
8391
2944
8450
7673
8158
6319
537
4164
257
6777
5457
277
5837
9012
8007
7928
608
9018
5872
9102
6184
3554
5309
5786
3602
9122
6526
3198
7498
9730
2170
2900
4646
6020
6577
5001
4303
6155
6899
8302
968
6141
8031
4137
446
7180
7997
2068
9693
4310
3149
1188
2141
2757
8534
100
8274
133
1346
4045
4129
3657
2554
7165
7431
1628
3263
5153
8080
6144
5689
7315
2608
4606
2651
424
3277
7632
4709
8952
4215
6094
4052
7707
3885
2079
8501
6746
969
2078
2789
6721
6652
7550
9685
153
6788
4689
1785
4168
6208
8746
8167
1603
9820
2009
9973
8401
661
8404
6700
1435
7167
7848
8084
2792
398
6552
3905
3619
3984
6591
5721
9115
3596
9481
7353
3934
9151
8343
15
1982
8673
779
2631
9148
8683
5227
5081
2379
7555
1534
8027
8832
8172
6894
8691
3193
1922
6713
8546
952
9576
1038
4361
9510
9780
7728
665
3535
4702
9624
9558
2421
39
4380
8483
2728
707
6957
3418
3220
9382
9331
540
8070
7386
2330
3935
228
7747
167
6908
1074
6268
7620
6607
6403
1682
2827
5776
8871
9527
5233
2708
9337
6583
8423
4603
5774
727
9642
5215
4966
6856
993
7344
112
7671
7929
8416
6451
2978
7195
5099
5464
188
3406
5120
6973
9930
1849
7493
2444
518
110
6075
1910
2204
7439
2750
194
2610
4764
7368
7753
2459
8168
7520
5498
1704
3506
7135
8429
7335
7379
3744
2719
9689
6813
5258
1993
4610
1998
786
7624
1889
3081
5488
5915
4886
6979
1599
2300
8348
347
3315
6322
9042
2903
330
5609
636
7687
159
9084
9068
9347
9528
2091
872
6514
6449
351
2887
3627
4465
6078
5390
2751
3687
9800
9266
1721
9497
7394
6618
2724
955
3336
637
6232
6217
7407
1214
7251
5593
4331
4418
9597
2600
235
2878
8189
5321
8389
7700
8083
531
6886
9915
7415
98
889
3374
7744
649
9118
6285
487
9718
6621
7828
8164
2863
6195
6047
1190
3799
5842
9480
4946
3609
96
8506
3211
3912
5544
6931
1752
9234
4518
5978
6054
2582
6990
2785
744
9349
1494
7915
156
6237
3546
9551
7134
8223
3897
2182
7580
8551
7935
5376
6391
7704
5409
8962
4054
4103
7234
6529
5036
6506
1730
384
5569
8335
1068
422
6393
6518
766
1880
3160
9262
3572
1176
7917
301
4778
9798
7142
6593
6724
3806
4736
843
2657
3597
6480
8979
9680
9671
8972
2411
5110
7710
6855
2832
8275
7919
4223
2755
8568
7428
1455
6776
1217
9194
2272
6243
5422
3845
9921
6564
6639
7081
9202
3428
1944
7137
404
7964
6380
2899
1916
3910
1733
8740
6551
9395
78
2511
5057
2697
72
3823
2074
4042
1949
8240
4838
7366
4559
6921
1030
7606
8707
1847
1009
9143
6179
8953
7459
2815
513
7984
3628
127
1854
845
9635
6424
8380
4087
5188
9057
6832
457
6331
2619
390
2551
9155
4670
7060
4311
8114
6795
3212
7213
8712
3948
5139
6123
9464
5712
6965
9277
7478
6610
2199
7960
5419
1680
7314
2648
7977
3209
4237
7596
4062
5443
4662
5833
2211
3021
626
8587
5196
1339
4281
7011
7343
2053
1082
6311
2498
363
5584
3958
2538
2663
6784
5262
1341
7737
5386
6541
5129
3542
3068
5847
4184
9448
2126
4108
2491
7993
9008
1984
6019
7925
8996
8322
3248
9426
2090
2963
8250
1951
6132
4562
5267
6283
5894
8022
6677
